0
-1
-2
2
16
39
70
97
114
119
113
95
68
33
-6
-42
-79
-104
-122
-126
-121
-102
-76
-40
-3
35
71
97
114
119
113
95
68
33
-6
-42
-79
-104
-122
-126
-121
-102
-76
-40
-3
35
71
97
115
120
114
96
70
34
-5
-41
-78
-104
-122
-126
-121
-102
-76
-40
-3
35
71
97
115
120
114
96
69
33
-6
-42
-79
-104
-122
-126
-121
-102
-76
-40
-3
35
71
97
114
119
113
95
68
33
-5
-41
-77
-102
-120
-125
-121
-103
-78
-42
-5
34
69
96
113
118
112
95
68
33
-6
-42
-79
-104
-123
-127
-123
-104
-78
-41
-5
34
70
96
114
120
115
97
70
34
-4
-41
-77
-102
-120
-125
-121
-103
-77
-41
-4
35
71
97
114
119
113
95
69
34
-5
-41
-78
-104
-123
-127
-122
-103
-77
-40
-4
34
70
96
114
120
115
97
70
34
-5
-42
-78
-103
-121
-125
-120
-102
-76
-40
-3
35
70
96
113
118
113
96
70
35
-4
-41
-77
-103
-122
-126
-121
